6 34
2
1
3
5
4
6
1
20 35
0.15801348306314336 0.16221095242941708 0.16772148064217382 -0.20086613420292254 0.08962907140878423 -0.2542179897729042 -0.37596963268944883 0.2154460782713667 -0.28153880463241343 -0.07426174349477649 -0.07489422451859551 -0.01282949884106698 -0.3499051296362199 0.09863465392952986 0.21807739786266486 0.11194064569959784 0.29599866296666555 0.02743194511034528 -0.047432869319400287 -0.05442269226384388 -0.37993926616148876 -0.2363633382227234 -0.4036212509496577 -0.09063148170365283 -0.14170809471746826 -0.3351869195102586 -0.23301803802710205 -0.3829822915804279 0.5556152882302081 -0.33764382191590947 0.10207934851483612 0.1467372740775478 -0.11792549075430744 -0.39046873803467746 -0.0023277793445885746
-0.1776517511157898 -0.07466976368926193 0.0769873169024302 0.16326314823059457 -0.3225257759135729 0.2242044143603614 -0.11527433504483728 -0.20601806398388425 -0.09556677502240855 0.3305575453373437 0.2966899400424661 0.07137046946039087 -0.09952074428956888 -0.04694013921040548 0.2597718041035504 -0.7100959441385387 -0.31201992266465733 -0.29986638541569266 0.05168224409328442 0.12790939552833933 0.7449889540831949 0.21596521110382116 0.7595059520391414 0.26281549535837456 0.3268835720645857 -0.09798687112871542 0.3300827562130581 -0.10687071833598354 -0.42235747734671725 -0.13817712800860674 -0.06462284939446344 -0.09155713762433204 -0.05320139759045486 -0.1696897913654193 -0.002251855055246314
-0.0849365737794941 -0.06373292397498614 0.015997074411661264 0.157873665256552 -0.2831697793103764 0.27911473196419806 0.0017249511221958615 -0.029060497465855997 -0.010622358084889625 0.3245920802355423 0.21803275497986735 0.06934492950338031 -0.011273535331646786 -0.09636590765617023 -0.0013035422290176937 -0.38576346211941503 -0.22371928221022608 -0.10857001946729476 0.08801031373421263 0.11253238317820369 0.5247010720078862 0.18507424184016472 0.5159328028089498 0.14763698260767158 0.22345938759648062 -0.0021458291058219082 0.2745599459886063 -0.0021569549595788703 -0.39259678845399426 -0.03046426494415287 0.04426644565117089 0.03019883320897343 0.06951425128286594 -0.03345047097083372 -0.012407986073021399
-0.12316749793603213 -0.14192747615007786 -0.04971715242782556 0.018255765544104078 -3.955832144040443E-4 -0.07785379542417524 -0.08981127587880193 -0.1696187192496063 -0.05905205646008315 0.1321546517383048 0.14508688484065826 0.031866888375167796 -0.07163250785499531 -0.057093390822419404 0.04730801638276795 0.07177854944313994 -0.44080846312671845 -0.0590161287884203 0.053627126168990215 0.013446781676214445 0.449236892926763 0.4871896047457253 0.4437047971575717 0.15151661400623123 0.19439547079091457 -0.07855395197763491 0.14453661606258347 -0.09110207091015 -0.561328919713892 -0.11662639084805078 -0.10820367764705609 -0.15657283897968394 -0.03151613766923448 -0.11763582493583633 0.015088966482389207
-0.029500983608829995 -0.1944521292898367 -0.3852435948853608 0.17664604774723727 -0.36313654708342724 0.7246426613521589 0.2902633815259107 -0.19286665100301237 0.22533000742029374 -0.007922308597195657 -0.03726758054833579 -0.028821589225659965 0.2559691821445993 -0.31464768605782756 -0.6491373178693756 0.3896198416772427 -0.2380833125458224 0.054735275933768986 0.21122871686818642 0.01575821851116477 0.27455581123443557 0.3944652609043081 0.25432779324623456 -0.015331982934362338 0.13514511179317237 0.24304493434142793 0.3908836436795459 0.2821928171250554 -0.6781951574609686 0.26813730923447426 -0.14530621688524098 -0.20619390181255626 0.3517762967330207 0.242237499697097 0.016811319744403076
-0.07850086969373199 -0.20735416286506494 -0.28670776845633844 0.01256270099145331 0.26659153475015634 -0.07656467636540604 0.341882988555677 -0.17240313768188778 0.2541300149022023 -0.16330696953946838 -0.08128475639317682 -0.05191087107136207 0.30285281861056446 -0.08132354179820019 -0.4022742567245222 0.7507963823002044 -0.4340085016563789 0.21689010719999915 0.10785566814646279 -0.07728779388779215 0.08845704046620831 0.5713455250214563 0.08778570301569892 -0.0183887139524021 0.021122577413422966 0.28253570048936927 0.025513992735527645 0.32545044477913926 -0.6825164190631653 0.29527329323643203 -0.17634984580249452 -0.2603735126996075 0.13522172750693182 0.3628278163975259 0.004273503449690921
-0.10961388740742814 -0.007971652971169385 0.32475910858516216 -0.1396761546695207 0.9164014107507018 -1.1518299617673118 -0.3527892482801486 -0.17675864857066367 -0.26033798949848047 -0.022072708099459014 0.14170952307420945 0.030439187981123467 -0.311841228795653 0.2956399616526614 0.82122195865099 0.42163897009174406 -0.5033084895650525 0.21691448686942277 -0.15271349309319254 -0.034147516179813694 0.2389543921012165 0.664283023419387 0.24742947670556295 0.25455378507155824 0.10716220923993548 -0.30822135827969915 -0.4235710507147833 -0.3620787171102789 -0.18222343785963244 -0.379104577579262 -0.1932486092975943 -0.2606660878845751 -0.3729346983890657 -0.30560832120088594 -0.021190822484589953
-0.03362970083202177 0.007938788581277762 0.13142546385223586 -0.05179179716264908 0.003342364942055738 -0.10139041023306365 -0.3239944161595725 -0.3837124565301344 -0.23217476323880532 -0.14784550557943188 0.026001082379376247 -0.030587300296864593 -0.30191952802257616 0.08375972856558705 0.42164950012894326 -0.18689563200954187 -0.043246968338910605 -0.14267242323580193 -0.15005917356286128 -0.009432438267958991 0.1283457188418472 0.051177137890424114 0.13925125897061646 0.11744267937908692 0.10037922508192001 -0.2663019408969452 -0.008354274930444813 -0.31831792766933387 0.1741637789402583 -0.30866538943885813 -0.26632579286094993 -0.34208233336741584 -0.1627515840899981 -0.37871553152891024 0.044053016331800365
-0.07206292026066091 -0.07812344651782052 -0.16504680528936838 -0.028785009085337623 0.09646838576391792 0.12815770140406355 0.07019307291396924 -0.5998842234038209 0.06189487043804053 -0.5994104122295111 -0.21211330920561888 -0.1114366926683573 0.058026250037990584 0.07336383452406336 0.13695635172437245 -0.005918218429267844 0.12685296758796202 -0.19651758496401397 -0.14673244382342143 -0.09005741609068672 -0.16867118903165387 -0.16114305272418308 -0.1173720840561792 -0.016850917713147055 -0.06451207643681807 0.06652509590242951 -0.017903235842139275 0.06849448674368443 0.10986946283248865 0.0667825034026597 -0.47827257672182777 -0.5837693004376754 -0.15662144886156684 0.052903165990928015 0.1622230362030177
-0.020922954559013218 -0.2077434485050229 -0.2899501087461958 -0.26318782387277556 0.27899980280279024 -0.4112758912854318 -0.13069369175181053 0.017349363687376072 -0.09533662384332543 -0.16544037035855808 -0.135506996787937 -0.05483800459557445 -0.120346620300384 -0.11147936315735625 -0.4377385366005962 1.2384335202656365 -0.5739621467746919 0.27016871065736897 0.19377011984412712 -0.2274848526132273 -0.06557868135227375 0.7645269942120743 -0.07055074682713558 -0.05811433022135749 -0.06892898058219846 -0.1065903419326436 -0.1265163523057669 -0.13766446606574936 -0.7675773381620289 -0.15584408853128984 -0.0891720935249546 -0.16239657065500196 0.08096755836005395 -0.10590078303512526 0.00407624266533795
-0.06804475648751934 0.02597222994375723 0.1465184142906461 0.18994351836190834 -0.42227880106037574 0.3607185111867597 -0.06414955292725778 0.13789109744373912 -0.06361022228636812 0.523876740333246 0.3345335683971748 0.12423902682118715 -0.06337841260948865 -0.10655681313919503 0.08655932515596837 -0.7244680589204431 -0.10971500094985988 -0.16899424127843812 0.12862571645677304 0.1771314684675318 0.6451574485962053 0.0821319212465905 0.6457138433259609 0.19555306691823288 0.2951805785724697 -0.05900197971521086 0.36950970205504713 -0.06592930838215613 -0.2391718200455477 -0.09327904306284313 0.20634011759940593 0.2526244343869288 0.08975976442766963 -0.12280168136292641 -0.031020340279275416
0.0971710491976646 0.20582116297685638 0.2404762546477305 0.05479247985780923 0.033638510669094894 -0.17971639947255355 -0.08103132646243356 0.48798348273192377 -0.07006538196470397 0.4173255509563747 0.12824979475840229 0.08516145510348504 -0.07014694163293865 0.005472296775517087 0.10321436449408761 -0.14015669334794514 0.11449282180342812 0.14607089771614773 0.07281044986943712 0.09125539944221057 -0.014579547594318515 -0.10813675746154891 -0.03840482196433616 -6.048450642293021E-4 -0.02486630876755329 -0.07929149815934759 -0.08019872551778015 -0.09148606477552762 0.1400909282004665 -0.09353666526992158 0.3692853636561861 0.4671356836550966 0.08959739773267152 -0.08118525096795938 -0.19357184863785987
0.07168004824642439 -0.06414282281307564 -0.19963380945714654 -0.10128019694520006 0.19736504655184844 0.06693744566111406 0.21807357394969246 -0.3789268318423757 0.16343417821306003 -0.6149427153901176 -0.3453017302625195 -0.1364210929044172 0.1906859579587551 0.06668418314072896 -0.1606003204707067 0.4178931078399888 0.2965524629014457 0.08201005259679661 -0.16584166390657484 -0.1792719588988771 -0.6023861945179313 -0.3126619410461496 -0.617388903637631 -0.20396206602530165 -0.24764328495340518 0.177740927480667 -0.17520647479138224 0.21715144076087645 0.3707122499959767 0.24871694092474297 -0.35122545252019244 -0.4258695378351174 -0.0649737009636166 0.24946269498668389 0.038344456527203065
-0.18684135649835543 -0.14870126878181317 -0.0166451162851406 0.10391442857959907 -0.18725515378029278 0.07706845032428165 -0.10184637380553682 -0.22566588710273927 -0.09231232653713234 0.23274858509286614 0.21828898888192722 0.055605167868888465 -0.10535920025486785 -0.0668227034763065 0.1432339666578978 -0.3184536561976602 -0.4572802369304846 -0.20584674166577635 0.0548762725639471 0.07213681292085923 0.6457227071481789 0.40605311661950394 0.6575683466356422 0.22663828801547573 0.28171437719023873 -0.10285339442994701 0.25777759209512185 -0.10922569051973895 -0.5959980459010148 -0.1469339798419724 -0.09563134044351176 -0.16629575351013015 -0.03863528672170526 -0.1599056712210309 0.003024423547567019
-0.08684536637575051 -0.10697460004723348 -0.16475330125681145 0.1534951869597073 -0.15979018330964967 0.37045107480998773 0.4201908433945563 -0.1949999420252939 0.3169289097121175 -0.058858070853870896 9.81678209205685E-4 -0.01672944859926565 0.39163129988119477 -0.037233510192146435 -0.1686878070841302 -0.37120475949564025 0.05466563559830919 -0.14827185697887804 -0.06608773595784354 0.03162894200523802 0.06501330068151905 -0.22562614535396458 0.06697783559178949 -0.01072421497632872 0.041753185860500946 0.3671895678439828 0.16381601491830264 0.44112565392138076 -0.06009388337251915 0.4118772342251046 -0.10572726064167721 -0.12212196595497915 0.011729085762049347 0.44696393318295974 -0.03366642602094786
-0.009755820167513205 -0.0216742972584574 0.021754583136083423 -0.10598806795019669 -0.12039237609456756 0.054981948019916294 -0.3996399327797263 -0.3386607939606284 -0.2958026695305347 -0.14334498155593625 0.010704634572269906 -0.027525454945637587 -0.37711471833401994 -0.008955153194555405 0.16635893309668703 0.12567531571944296 -0.14375262081639098 -0.060523116665331896 -0.030802117642858784 -0.041333270101808706 0.2042346957788027 0.31168390879902996 0.2041887190125044 0.08900565318176767 0.11763875262925376 -0.35074334346137614 0.10982298233636524 -0.41931542495930335 -0.020908812610861936 -0.4031448534222929 -0.25442824314854495 -0.3315286769825653 -0.05171105140919391 -0.5089717001925814 0.08620163074523951
-0.006874664052814976 -0.14242892782908892 -0.4246663164961853 0.1767586026946158 -0.6867874048846055 1.0960900261320596 0.2801806370841251 -0.3238108544208673 0.21438548071417832 -0.1556099313991719 -0.07243751793636494 -0.08387117257034159 0.24884033133319527 -0.3541719429233812 -0.7536614078194758 0.050453442675343074 0.07426470831976734 -0.11632743726363981 0.15213740003285245 0.02174635101937788 0.17186803116411145 0.03045639928938443 0.15645553456134223 -0.07912496176338721 0.10248389349614681 0.2372691225090698 0.5119451394206994 0.27652373195314295 -0.33322142780451564 0.26462363077796935 -0.19980795597428402 -0.26101457802250133 0.35744881656058874 0.2144709537135554 0.016321808658948164
0.1326773816234175 0.20813637561960277 0.23694957893913468 -0.08416613101996359 -0.10922716978716085 -0.07986793518284678 -0.2903563198816888 0.2449443890291894 -0.21606851478342767 0.005905336205194597 0.004217301725019755 0.023544249256055836 -0.25706739533655815 0.13526807213740794 0.3449463757509547 -0.49979703401068737 0.4877220793782716 -0.13872788137749162 -0.10767403396082165 0.023726374141561726 -0.3789742981632024 -0.6344997246432585 -0.38754869857404306 -0.08399037595622631 -0.14026559032966296 -0.25642744140489665 -0.15520959071123244 -0.2795272631129727 0.8214020277990083 -0.23388555575357622 0.17065710966051875 0.26882678039589897 -0.17361455971661763 -0.29356568787422854 -0.029663205801885285
-0.13245373667138205 -0.20083748701877746 -0.11088576791458672 0.00667182097296493 -0.022244134850095153 -0.04290212038265456 -0.1370781375641732 -0.1822860276765142 -0.11301630896624887 0.17085506905918219 0.15307304550729628 0.028609310108583995 -0.12044487913645444 -0.0947211848836395 -0.06892114416396965 0.2514990644843345 -0.5629245023296291 -0.017158989172721892 0.09485809980470791 -0.02184751406226534 0.5533749776649138 0.6633667726135627 0.535303591807887 0.16814096286890104 0.2243079093999093 -0.11149668925973753 0.18742445021570348 -0.13847476011652252 -0.729357456567493 -0.17004458540972714 -0.10787371422949914 -0.1770713584074202 0.02506605067310627 -0.1976888851228478 0.029916212349154397
0.007194569216263723 0.05401465306757106 0.17627476930940558 -0.03935361400462558 0.4566583732913146 -0.6076925183257119 -0.1180143140434601 0.3948420245435095 -0.10107887017518026 0.4098960672018772 0.2156144097765832 0.09842992555221035 -0.12520162768678755 0.02750502014027236 0.16443117767592474 0.44854936763446285 -0.4205845760131616 0.2994653774895298 0.08965707692221088 0.05932635358664064 0.23154066890944522 0.5899948660418421 0.22570269862650258 0.12110566135155125 0.08392201209905262 -0.1059816033978305 -0.15482562843764017 -0.1347149624434835 -0.36285362972661234 -0.15237596433890768 0.2810773364502696 0.3306195125779073 0.0131864670126388 -0.09919460609269476 7.343907187299703E-4
6 21
0.31380559984353956 0.969634938417396 -0.3468036048348821 -0.5644167832762166 -0.368362561248167 -1.2955390922866563 -0.8134383065926563 1.1953336302604247 0.8591840024765391 0.7754134594667704 -0.7358021473334104 -0.5690264145474917 -0.018895742721511146 0.5535012073823172 -0.48121177850775965 -0.5372741921476415 0.46798620423288456 -1.1624743662749717 1.0082232598799554 -0.6374495892700663 -0.1925802062129774
-1.1976382467966435 -0.8533452928713896 1.5079058090627746 0.8880511536773925 0.8710134486219122 0.3606818956039735 0.09168471967408855 0.51838176251655 0.23304376028283794 -0.5872856242379915 0.08803917236769 1.1568448406312788 -0.45093644289627854 -1.515259134988351 1.3358823685354033 -0.2765348267805763 0.3927219683930959 0.10084570612411141 -1.1047298761132411 1.1844688325724844 0.27823350897975646
0.28198569155431874 -1.3006334909553967 -0.4868240148466517 -0.12409258011829602 -0.3467360132414108 0.9274415578728515 1.0560599902764687 -1.371155722766599 -0.9591750571548401 0.546420124911213 -0.4385985891712461 -0.36056731380603907 -0.3695944194878997 1.0724333111998694 -0.4511349954701061 1.8222654233027342 -1.3640331171693783 1.0310434612809931 -0.6198279828319265 -0.5620436445879134 -0.5306124196760618
-0.3716306503761077 0.043224750935139174 -0.8026154152813924 -0.40737729999058 0.2386292783394784 0.4174876931301963 1.0171296304656874 0.8822945919172726 -0.12733846653344352 -0.0886169619227488 2.0734906312353236 -0.942893743813219 -0.36556289868204017 0.22941257384894626 -0.1865698380631141 -0.7681236385662699 0.36070734666433224 -0.08336486478721546 -0.8774107536319697 0.5068375150633653 0.6117776715995226
0.4446174304702592 0.4932543086155713 -0.05126110488682527 -0.020506042062738716 -0.3405891909470598 0.025872144595527842 -0.7399008582132952 -1.085625839895267 0.4234618303727626 0.9195000757998024 -0.7922421251522914 0.026263366139310292 -0.414298099343949 0.5932627168294596 -0.23597361963015323 0.030263406102049816 0.5639873344079773 0.7808681403071475 0.7398895912421237 -0.43491505090705146 -1.0896971019391806
0.5627422957225263 0.6214325992954801 0.1772346034843711 0.24858514018022784 -0.0667236615504627 -0.43965377884530055 -0.583994230309316 -0.13370432328458484 -0.4244742829430819 -1.569345668977947 -0.20986977259492776 0.6794999238188562 1.6167352718438315 -0.9305293650599609 0.018206472593403793 -0.2642200626769613 -0.40677782734521273 -0.6990504198939518 0.8507774125943297 -0.06680257617149409 0.9337112013481281
SIGMOID
