3 4
Iris-setosa
Iris-versicolor
Iris-virginica
2
5 5
-0.3475085791231861 -0.7534918672491961 -1.0548883252817316 1.4036816550979299 0.9377469739666532
-0.37322948421073315 -0.7934689613163138 -1.0691685969254567 1.402308237181294 0.9406165920979584
-0.32790906491510746 -0.6347329406012003 -0.9885275010443038 1.447310301080912 0.9162365097857237
-0.3321279701566176 -0.68040979397948 -1.0210944850651116 1.4305898080550876 0.9203456188863316
-0.360538874204029 -0.7962158735104706 -1.0889163408421016 1.402121703968177 0.9425239488319511
5 6
1.1052738949439669 -0.988582073638229 -1.0076948606434073 -0.9665985171110649 -0.9635438314602285 -1.0136993849565834
1.0901354723235923 -0.9736338938539199 -0.9888647940165307 -0.9498548839337185 -0.9704807606572854 -1.002602848909432
1.07216923733491 -0.9779703062928934 -1.0005573415155924 -0.9496190958291382 -0.9613665460401092 -1.001682566645581
1.0905001453713288 -1.0020322223412241 -1.0059191074792861 -0.9657314853649328 -0.9911702213062384 -1.0113750297802666
1.100499428369705 -0.9953253243536464 -1.0034948990872787 -0.9639709327675909 -0.9728960671747245 -1.0110318257713833
3 6
-3.8562585717229334 2.048503436260716 2.0121630157777632 2.015342807920087 2.0633728178904756 2.040901745122107
1.2676021891184808 0.13349461591653083 0.14413518521497826 0.1361958509620872 0.11027759282511175 0.11881448124766392
2.5984291829990696 -2.174869455625245 -2.160880664052622 -2.1407319571834833 -2.163153951509545 -2.179508584328994
SIGMOID
