2 6
1
2
2
15 7
0.003980986474858695 -0.006172008226228727 0.05161876758160456 0.14539818172909313 -0.09178016551781211 -0.17856330464335043 0.02211050583477031
0.007867432778012499 -0.009504660600322722 0.05710360672282082 0.18025616668243827 -0.12028657680906563 -0.19366124114441505 0.015926280766081918
-0.0084509725447855 -0.007192829336991251 0.05316024459551798 0.15794624364092497 -0.10585626064995728 -0.18030701206781125 0.017956662417267913
0.00586193384407822 -0.004905502844247859 0.03988160023653683 0.07387040708394621 -0.06361957066010668 -0.10518521436823357 0.009840854577724288
8.703000951730296E-4 -0.008855888242551315 0.05424110981888812 0.1621086360268983 -0.11201193050970844 -0.17813489611622388 0.008355556868276917
-1.0870459559554937E-5 -0.006313221470500209 0.05177234141580253 0.16126466241795692 -0.1098891875158338 -0.18062936118949988 0.00875246965425118
0.007441112785258141 -0.006791620781254401 0.04499167424308209 0.09715669625329511 -0.07787074525993268 -0.12530577190304035 0.020234050226652634
-0.006563043493343647 -0.008028886889631093 0.054139895055195536 0.1587142530976706 -0.10748170179650113 -0.17971791366034556 0.024211813432810585
0.001806195041217271 -0.006941391198007486 0.052744505874688825 0.15902192591038594 -0.10706585658992185 -0.18063625251323287 0.01799045696973404
0.008658729264743299 -0.007081208842239988 0.05127992233135776 0.14433163520458694 -0.09811308507882813 -0.16959078333747696 0.01875814871955122
0.003506847837236553 -0.006395124745306148 0.04702093159524564 0.12018957075543155 -0.08945612666106104 -0.14501425931660653 0.017023537509085196
0.006419764279335814 -0.003959988697829411 0.04261071491342796 0.0797649113503696 -0.05968102629666913 -0.12326513139632904 0.01770759096989304
0.0034263639844703923 -0.0074122199129361965 0.05137589891462014 0.14934734408662392 -0.10714727049074564 -0.16705611906326606 0.0187548271618285
-0.008200602370680331 -0.005939505893932125 0.0510663454859017 0.14554293176713226 -0.09508667109282812 -0.1752580510632131 0.015170177013281518
-0.00903474600219483 -0.0076555212729108625 0.0505623098314353 0.128404175733634 -0.08813200684199456 -0.15767857729565044 0.01001365667192729
15 16
-0.031069718192244595 -0.07881297245201838 -0.09702253179861864 -0.08611610684027729 -0.03411368432840179 -0.0920343535132896 -0.07370194078889752 -0.04386204585443897 -0.07276673186520774 -0.07448184077739227 -0.07565690242322719 -0.06619523617704456 -0.05315841342096043 -0.0776414514330766 -0.0855456099810179 -0.06243434756442322
-0.025354859203832132 -0.1163683424559454 -0.13175540764101945 -0.12443136224429473 -0.056698157935975144 -0.11136171260465813 -0.12753844367387152 -0.07432025797166789 -0.1113335379175033 -0.12487251128970726 -0.10564029168969916 -0.08694011186405337 -0.0667129567736091 -0.11567544940245193 -0.107770598271501 -0.1018187513655972
-0.04131285211176777 -0.10490051157677632 -0.12215565874271593 -0.10419866375420209 -0.0456724661412369 -0.11003758010100792 -0.10761375739587245 -0.0732179767557793 -0.10552705119140449 -0.11093202181347689 -0.08664022058848952 -0.08913760953812332 -0.060117985923711904 -0.09577336939514618 -0.10644384420134462 -0.08332289261732455
-0.026082238829303245 -0.07241897400996938 -0.08163726778359702 -0.07251136620498816 -0.04061555297002458 -0.07205751260138492 -0.07179224991719159 -0.03507501548002465 -0.06803990294024476 -0.06399512884475274 -0.06315073836265539 -0.05492420724111876 -0.043699533492346995 -0.07121693662474046 -0.0631041706396569 -0.04938137121651317
-0.034225209668698436 -0.11990437111015212 -0.13335862275716265 -0.12055051522699989 -0.059845827281917674 -0.11624023987493394 -0.11762315094709404 -0.08209005288458808 -0.12499361237353623 -0.11622549691861278 -0.11378001112977656 -0.07896863864308808 -0.06368204993740449 -0.10573307763176494 -0.12097255101778641 -0.09443459109883949
-0.038616281862811346 -0.017259729447180946 -0.0316097229299806 -0.015045892023476786 -0.004342799079346771 -0.01640416194637481 -0.022570432618097564 -0.0010023585374070872 -0.028729915554085758 -0.018999869667217284 -0.011483524492531984 -0.02519832829595595 -0.008607238785757736 -0.02211844505626842 -0.028784947343605264 -0.01581044558073261
-0.04328206840686184 -0.08688987102834138 -0.11313631408158643 -0.10349472527723845 -0.04676733941729394 -0.09906081492443695 -0.09341558665153774 -0.05437343361610499 -0.09714021128958873 -0.09364439905850779 -0.0895503428207979 -0.06556415861786757 -0.051669147088859835 -0.09133313174479084 -0.09192898214140433 -0.08321064351958378
-0.030939311277548173 -0.05659612785359928 -0.0856649031855435 -0.07027849171737244 -0.028767423082530563 -0.060490907858241655 -0.07825744781718197 -0.03821727445776015 -0.0697350288414925 -0.059849332880493496 -0.06989386046787818 -0.05128757048935541 -0.03952499995215394 -0.06196640861099796 -0.05708772576557544 -0.06177666557478848
-0.03932860471061689 -0.04732672843441393 -0.06484630641310193 -0.053570046961301146 -0.032305548314469704 -0.06405698518451543 -0.057005620391672 -0.03721437152634219 -0.055643336986808165 -0.06278333542727874 -0.04544859072834563 -0.03938571249004944 -0.027797376013327345 -0.044476946855670635 -0.050494735736453626 -0.04338306969300049
-0.04173260019879732 -0.08353828724224181 -0.10899269376707797 -0.08787758175933982 -0.0475715706511971 -0.08660403959124006 -0.10176098229944013 -0.05598059038864498 -0.10120929699810942 -0.10505422962064363 -0.08768655628877506 -0.06661212107809014 -0.052216389241400554 -0.09732936778269816 -0.08461780269820243 -0.08745647431842239
-0.03770943075018501 -0.086351385239006 -0.10749245134729325 -0.09826640517236285 -0.0454349886207289 -0.09867679610700643 -0.09109901375954578 -0.06478972744288909 -0.09476447614262279 -0.0970298916684023 -0.09310396485214736 -0.08174886499214369 -0.05779964464206298 -0.08609712870318854 -0.08618069838213839 -0.07269291910581835
-0.039493061825637964 -0.05976099843573799 -0.06868018615536643 -0.06083367755162389 -0.0413164142334222 -0.070998531092453 -0.0778963686215366 -0.04888942895077074 -0.0661032064087183 -0.06946232753813962 -0.0605558227686289 -0.05760812250497545 -0.03271039082530081 -0.061085320133476 -0.06085772021660691 -0.061760447305081595
-0.04140359239287619 -0.08108946944953131 -0.0878744666395304 -0.08377013074181475 -0.04269361854957467 -0.08920413642194795 -0.09484693898761898 -0.046361862549730994 -0.08956697206644497 -0.09177117401337762 -0.08062832900794493 -0.06857735145502131 -0.04398206919653737 -0.07485483544289458 -0.08300705135531725 -0.07552961753667019
-0.03576154350938618 -0.10978994228962097 -0.14247194932045767 -0.11913381541672198 -0.06819957109756161 -0.1310994391707507 -0.11737688443254049 -0.08100047689217392 -0.12775109881853558 -0.11781981264712421 -0.11154773183842523 -0.09496878306688893 -0.07644285466688773 -0.11101137602484518 -0.10776942489736874 -0.09753877463373707
-0.036744266995807025 -0.05679814265372036 -0.055337946540710045 -0.04834659468829057 -0.024777445361342857 -0.05332719154424631 -0.043240404680093006 -0.02819246682073021 -0.056555333358655153 -0.05361640751172753 -0.041167616539023594 -0.05004916940007646 -0.02711405568489562 -0.0530615634229553 -0.042419083118060155 -0.049789153150337474
2 16
0.4540952098504095 -0.11361703702571299 -0.21913534764300627 -0.18534835428107102 -0.07194052330038125 -0.219165557685289 0.0435997317299117 -0.14471575616102225 -0.06575469228029653 -0.03996943974440141 -0.14871852763606186 -0.14907207708862957 -0.07490142619918821 -0.12498261326960527 -0.22906544901573683 -0.032793360354538524
-0.4462797918624754 0.10495359106695387 0.21085368537562213 0.17479794905833612 0.08519460108091315 0.2153924567600784 -0.044225132269598476 0.15397576705242755 0.079578280358307 0.04155153678663928 0.14629658051126784 0.1469135338505654 0.07232457206675502 0.11921055673130126 0.2238520669890236 0.031898219761681126
SIGMOID
