6 34
2
1
3
5
4
6
6 35
-2.5728598300197407 2.4863576408059425 12.410839120238391 -5.9544045703565285 15.590446410040371 -25.678075870362793 -4.45164925587026 -4.602795584709217 -3.089692496657119 -6.418352865487342 -2.553917748912912 -0.8381715519799464 -4.452926484606064 12.520132448703842 20.503587702810773 -12.53262479579508 8.798363879540554 0.9267157200718841 -10.141908331786038 -5.062007970726992 -9.34851008512896 -12.378477786916084 -7.16597685541073 1.9040102964822574 -4.504822469973889 -4.22728711526891 -15.715958894144588 -4.711870520419656 25.607995163813758 -5.166943400376197 -3.45877828009876 -4.631718237935491 -10.913564051371992 -4.933313152367947 0.01625123767250858
-4.64881360477068 -2.7561881882631174 0.2849936572814659 7.766791642436788 -4.807891158880762 2.9628427016509713 -4.125306391496038 -3.721393005300466 -3.186539759683853 14.064446339650232 15.532301849663455 3.5767352021764247 -3.5797799047751493 -1.1901307571200277 11.986188522364115 -12.655599981442338 -20.15021256107709 -6.104699465289449 2.3236319379095023 8.260143934035707 27.514814922050178 19.576411921416835 26.99739424187853 10.960497592796097 12.984336392255624 -3.523793308463149 12.145836407153295 -4.048413198845723 -23.616474244509185 -5.075952142448298 -2.0125191956394985 -2.264668589031897 -5.041830113797873 -6.224936813482027 1.0526391714491792
-1.3918716635866553 -1.628899055326182 -4.202760657748883 2.9059316908425505 4.289937601906954 5.172565041212547 15.882814375539068 -1.1555565810816975 12.504440506072275 -3.88397116540425 -3.0050214459637425 -0.693286834714572 15.763765555272895 0.006901170420357261 -5.500369990389901 -4.819806217203331 3.4439634003845385 0.08790863040876952 -0.4371475757995961 -0.3883388720729941 -3.257798371343281 -7.485775944827648 -3.7410378757199516 -1.8348237789629562 -2.5558025582996327 14.325558321230663 -1.9784983681369006 17.146768093472915 -2.669347505066416 16.470147890523936 -0.7081157299380794 -0.7042536325047559 0.6737863680287212 19.83676497816132 -0.2613211879499357
1.3293771482570886 -5.512680461349763 -8.8059033564143 -6.660103164946452 9.72346675814039 -10.532064530175063 -3.384176763805746 3.3378615529592617 -2.8203635352166065 -6.734429132820647 -6.37931595797611 -1.393153474432137 -3.4494893297690172 -1.855898985947716 -12.174774047848492 39.02174427481161 -13.041119810853122 8.66238190853953 4.848232140510986 -5.426653933807123 -8.490080636496012 19.316405772396482 -7.853638754523776 -4.451853897586062 -3.9213719621856455 -3.0749209344743846 -6.236535906018753 -3.8356276077009634 -18.75687062780783 -3.361854194610517 0.8716703936783575 -0.5215309847069316 2.5350439841738135 -3.1861699377548813 1.4167471939861846
4.591012353697268 1.3202498120155326 -4.658459240177724 0.495774468301273 -25.40908745639236 28.767089503325547 -3.4194661170738128 -3.7388642885787933 -3.2076365368517044 -5.007713792545563 -5.723877619164803 -2.313538288245322 -3.8007568312562436 -8.991482539443638 -15.016828014350699 -7.671443918614205 17.214540509797217 -7.41515083188486 1.1990148518759325 -1.310575409732353 -6.2451167045667 -17.980673983080152 -7.780775863209172 -6.566497474751698 -1.733823958381486 -3.2193542537527846 11.92574396438084 -4.0546201497975645 15.617403090137373 -2.3905210238938928 -1.4866408825546522 -1.5736139327012224 9.006744165882097 -5.475920770108577 0.4729447948138732
2.7149602816495433 6.0931171943465925 4.970405312073353 1.4632033373218685 0.6119403742681332 -0.6961419256207685 -0.5017471158371335 9.908882579009516 -0.2022032718823468 7.99593337007215 2.115585473136589 1.6668471390146367 -0.49152575400466675 -0.48159909562651826 0.2001146952825043 -1.3250722153672738 3.746203525352879 3.819350770316702 2.2035351460121655 3.9230627754015046 -0.1513394895919629 -1.0324578729240221 -0.465807764578912 -0.026790730444669168 -0.2540387162805326 -0.29705478638744437 -0.15222314471117573 -0.5003289220782766 3.807727570252818 -0.4893718167150918 6.7900502454703835 9.673745871588084 3.7209612923790907 -0.016453960869978274 -2.688751165550542
