2 6
1
2
30 7
0.0045205720546209974 -0.015462747521445837 -0.020706816852116866 -0.020135397656593845 0.014309485392955686 0.0064550036293764225 0.007895350772371367
0.008482467429020918 -0.02044255587258731 -0.01496692546028197 -0.012820950540242754 -0.007861293697518834 -0.010140874267842435 -6.313130497113386E-4
-0.00779140224284302 -0.012158225479193015 -0.018346347731104506 -0.033864478832985115 0.004962442904039031 0.021165413109417254 4.181245974053663E-4
0.006033761536067466 -0.021452655165538778 -0.016743828186570105 -0.011847147864728205 -0.00102861186565746 0.01755384936095795 -0.0030408190842642993
0.0013519061236049962 -0.022002015773683888 -0.007659157511831029 -0.005698901165411046 -0.01574462034510786 -0.01771287490051603 -0.006979109366440831
1.5704314971954215E-4 -0.07171732920857905 -0.10338668916955332 -0.07344888434252501 0.020418479645738473 0.06678433422784108 -0.025189349634599432
0.007605469289877427 -0.027191950884534348 -0.01132218494095883 -0.001416149274330006 -0.012767994223695062 -0.0066735066744178 0.009058391207416123
-0.006157040705394316 -0.049923460092473566 -0.0729433283444902 -0.09390493809945863 0.02826365632019089 0.10757944657664124 9.431462888564098E-4
0.0023976997199137234 -0.013904125792927475 -0.0199348980316972 -0.015177513668103411 -0.0011868946056218458 0.0037626109592807607 0.003159764687913539
0.00881118271565289 -0.06448250249679865 -0.07551719834825178 -0.06440448884117254 0.02782644782238543 0.10361706103036479 -0.005645685803441249
0.003267899195573941 -0.10178105574779613 -0.09501805589575334 -0.0705193967624156 0.043335495078194695 0.14258438189988576 -0.01092572263040901
0.006596412215916927 -0.03601608300908523 -0.06753910436570895 -0.0687952953206104 0.031234548208741508 0.08541730698325448 0.00245273564648365
0.004070793512607743 -0.02112752730335142 -0.04711027099316752 -0.01678340009127981 0.038515495160437924 0.13670090036233706 -0.010818140326928767
-0.007654056033437096 -0.013220497002361574 -0.017160947285877592 -0.02365620793912414 0.005949714703488574 0.005203071683351727 0.0010255374565750412
-0.009155609122869819 -0.09689814105651552 -0.09537959625094103 -0.12730560110285374 0.06046825366745605 0.13496313686001782 -0.012790921611915928
0.0017584616062199035 -0.0014318271755393475 0.037330993197283543 0.0911860623422507 -0.057172087680511394 -0.11940546712298905 2.463633830796275E-4
0.003625195447055255 -0.115285778162044 -0.11026480078859452 -0.14236663607142822 0.060309766099650074 0.13635536233123668 -0.017480390941228642
0.004948261007133744 -0.05215668957688463 -0.06575603932229793 -0.0963751876505875 0.03273541169575088 0.10465604663053349 -0.006241449778600123
0.008046721522573727 -0.040895881051862044 -0.02157805910056041 -0.06770535511134398 0.055910927828976734 0.16525797159656788 -0.017784363642744598
-0.00942778702401136 -0.023021912297631456 -0.031954049360779835 -0.06820386290764083 0.04047670524899118 0.15862804721363205 -0.00952093151584439
0.004698858323879558 -0.035863807890969275 -0.048385397072235305 -0.07832841232469084 0.029716700945608538 0.14138549585620405 -0.018099709172199392
0.007350884089301359 -0.02232567660531068 -0.01196475314358202 -0.015698397194181736 0.001111815655242954 -0.01069945255376559 -0.009805968388993698
-0.002537475947635258 -0.012888230606381461 -0.01879602538552691 -0.03680315799379231 0.014437113341697116 0.021520914142614818 -0.007064768798156801
0.003404355923335971 -0.01928208308941104 -0.042104460856321316 -0.044910843116981 0.04271980462446995 0.1469424314460641 -0.01556739194467584
-4.74947064417904E-4 -0.07979344688510061 -0.09057586463009028 -0.08255333852524441 0.014701739617836777 0.08129309212766414 0.0013323787562746967
0.005561061288831486 0.02010158242905202 0.04209730818953142 0.11697529091889144 -0.04291957506288313 -0.10109296499525003 0.004973673505289713
-0.007372425935745624 -0.01276829416673012 -0.024790027134214868 -0.03366479358836845 0.01722704182740856 0.023855338845587756 1.9915294100104216E-4
0.0036397200959284014 -0.10154618364938008 -0.12373025829320967 -0.095240096073165 0.03709304058698846 0.10091677587824227 -0.013765650502725817
0.0028551917523459997 -0.017747025764940333 -0.044396955512754056 -0.04408841445049168 0.04206699256430755 0.14661177215032223 -0.015572567645067183
-0.0026781426261998876 0.02017856823114334 0.02891676880157966 0.09000264894565456 -0.0652536387335406 -0.1443960020319614 0.0073873763181249354
2 31
-0.07746722764795494 -0.01186664833055519 -0.006738061759213842 -0.023197621147687815 -0.010043242143112908 -0.0025395640757084207 -0.04733517962500793 -0.0019851651273791637 -0.050622675190983776 -0.017623457022042828 -0.04491489904392977 -0.07205909979378666 -0.030450200082639153 -0.038772604827426546 -0.016084468322939225 -0.08373487682781368 0.027400796587281912 -0.0527628259855425 -0.04453691175192095 -0.07279191287605438 -0.045187964058737956 -0.03555493325344227 -0.01215565284142535 -0.014409416674572293 -0.038917886026603635 -0.06335733747350956 0.024598327724291574 -0.014669326505804136 -0.06267694572674233 -0.03720782829656358 0.05238701778371545
0.06534861851165112 0.015043320534959924 7.564938774428844E-4 0.010096585701262142 0.01812857634693999 -0.010007322326984248 0.048827109580848335 -0.0015967644445384665 0.038074862031593014 0.003880583552835349 0.02931331465505923 0.07335079444361477 0.043041644446306336 0.04845313258994118 0.010063809817657657 0.07025447493151273 -0.0350524219528347 0.06227382209825988 0.038219285491748814 0.07656581092605262 0.05906500082371222 0.036880806653784765 -0.0011987824905962162 0.018622060754347625 0.03724578928064702 0.06285533363101702 -0.03086897743316723 0.015926140341321723 0.07171886832264597 0.039090173246749724 -0.06144176252054849
SIGMOID
