6 34
2
1
3
5
4
6
20 35
0.016741316537300686 0.1473020354462486 0.4012309414939107 -0.16596514410163787 0.60994826927895 -0.9656540657264916 -0.17941872903282993 0.40113384526321016 -0.13294212079650974 0.24175677805434517 0.1132517333133658 0.09484783042469892 -0.1715540818944213 0.3341342841442679 0.7544394387360164 -0.2918242609566516 0.04582130112425826 0.04649338799407676 -0.19513458567938757 0.057814797193068986 -0.1799388801983726 -0.23972223422597894 -0.18812374820636177 0.04547158269573174 -0.09378345105166606 -0.16442075320676508 -0.44147356445125574 -0.1811328334039608 0.4676280908099884 -0.18294990861033578 0.2846500757633631 0.3572496756237891 -0.3668706005903987 -0.1360609969940534 -0.04504969581631882
-0.06675420842577921 0.034919857117746755 0.1362864016900675 0.1387807476448225 -0.22160144086359224 0.09336024476636749 -0.13260715164578676 0.15579159219989644 -0.10880258350507174 0.4847489365090188 0.29122524942556066 0.09766293015618564 -0.11611238652682236 -0.06760861294438128 0.09030701107303438 -0.38954298603513626 -0.2581922780923215 -0.06890020624970118 0.13747563175484642 0.15583452228809164 0.5924889581796194 0.28326245940818134 0.5908934544422616 0.1881875935613164 0.2558318717374603 -0.11274094201475249 0.2357297865018103 -0.1255442025698904 -0.36009003598463657 -0.15449395075498745 0.18719773336746154 0.2235289315859998 0.08603754361904693 -0.16688822381636886 -0.03342355551773278
-0.07643770108977148 -0.15557163831500942 -0.22433181751686757 0.16709450337968612 -0.17778552247222254 0.4078421716108388 0.34732688534281436 -0.17481327224366233 0.2507285522881571 -0.020278369076469613 0.00538689687299092 -0.017176347616977672 0.30226725327100884 -0.11326094474649988 -0.30558769792013 -0.010836357960479074 -0.16521354572317204 -0.01074560180080909 0.02875758295465855 0.025409904014963302 0.1894231481605891 0.099806555089566 0.18169600076904835 0.005867486768904779 0.08092496756158268 0.29077855502600547 0.20845855669491017 0.34157306488405187 -0.3596503836543683 0.3097274872265092 -0.11709042189215395 -0.15920391538431192 0.12384899627934035 0.3406759078671271 0.00871251425259899
0.03591965629176973 0.12051688478850743 0.26496340990164463 -0.042421560655215934 0.046103109387389006 -0.21307860339772214 -0.3665299984120733 0.012435009314483754 -0.26582421386235344 0.1398190491036288 0.14264624031998938 0.04835396412984038 -0.32730481473610307 0.062182583813988494 0.41175096638775677 -0.211365030157246 0.010779811257516527 -0.042377189249380415 -0.03422532138461273 0.052705852209440546 0.1647106402758906 0.05652555990937389 0.14756171948802194 0.11056063024301248 0.10109359498063623 -0.3160164107038292 -0.023243825562795358 -0.37590093154955395 0.18758955822120527 -0.3480887146369178 0.012626733712186883 0.02461133462627829 -0.09963921085537034 -0.3983778637755458 0.015114416615295813
-0.17898013200989993 -0.16313538721726753 -0.018824445654674223 0.07219569787485564 -0.18066660315901029 0.07836581262028937 -0.16109874256546017 -0.26019317688670474 -0.12167850067999902 0.22642546056830481 0.19128528549066812 0.04816024170011327 -0.15522930827244485 -0.07341639513807639 0.1165739987776472 -0.24554593306484623 -0.4613903621413154 -0.20887999072535918 0.05290606824807445 0.024684887414988785 0.6480891826934913 0.435805092093395 0.6515949883050371 0.22171015409572345 0.29192538995544093 -0.14128725815986362 0.256042698185557 -0.16545210524323684 -0.5991880145423946 -0.1888781380479855 -0.1277071230103246 -0.19470856522846566 -0.04988968772529553 -0.22018290158549042 0.0020240996774742535
-0.10955631030500003 -0.1825971489556012 -0.11414440149292404 -0.04431008040317475 0.16481843266182164 -0.2388492746511576 -0.14085149469751856 -0.12409024729670963 -0.11424980363725408 0.15512612380675206 0.11428140183364464 0.020380884005370293 -0.13626430276070978 -0.09071916744252174 -0.14272993433016465 0.614527696064613 -0.6499483219315014 0.13338346526776662 0.14764511165187608 -0.04723522859664434 0.4764419739013616 0.8498324247705834 0.4590521202072915 0.13809740368318052 0.19683327454128896 -0.12786503882535594 0.10624180720770866 -0.1489325840793764 -0.8551526120945299 -0.18264159894618956 -0.09119302881819448 -0.1733870015283285 0.07050664029797156 -0.1809433244621805 0.02253796865870918
0.09223490961384452 0.1764698793087257 0.20936454882355293 -0.10193690648355576 -0.0685485015312822 -0.06826462773253422 -0.42302234586361215 0.05534249277240932 -0.3168776421130049 0.039511668306127255 0.03554739870899598 0.016396508198778043 -0.37742066908243416 0.04425711256119431 0.30771675464122394 -0.141319268768494 0.17783954613600098 -0.03910797584924419 -0.017735961218422042 0.02507265181394197 -0.021815516718140537 -0.0802403236452114 -0.04520239889817857 0.03337133260511441 0.008100829561880279 -0.3679627386673048 -0.039550473099991254 -0.4297588218828196 0.3526273685560381 -0.38895359379430416 0.01954265991054946 0.04288060303489049 -0.052559163053008125 -0.4708147158430324 0.02955619229322213
0.10175098450870468 0.15565052566298943 0.24540400225142744 -0.10749872288530121 0.04680546378034332 -0.25018128251022764 -0.38219897780159345 0.16625661169343162 -0.2757651112545065 0.12772429625404028 0.05962541351974888 0.029481591243180047 -0.35209865488526576 0.07440805012910097 0.30268235766587864 -0.04094359871942986 0.12651727834696863 0.02106228059925029 -0.009895309605480988 0.030436183012153357 -0.05538642466747718 -0.028324975365101607 -0.07123225924030402 0.0347367020382631 -0.012140236742420365 -0.3124878449042308 -0.11958949757519051 -0.37065009109210617 0.2942426419656862 -0.35092228932484026 0.11448072180398547 0.14102133912023762 -0.06495616811361803 -0.3908761850721991 0.008541572073051448
0.029091203449071252 -0.05574301935289111 -0.18971158524063453 -0.09044990223574594 0.12328406110909572 0.11454876085319451 0.13462965743302324 -0.4502094957638214 0.11128088600908745 -0.6426567869476355 -0.32793963538415233 -0.1437240612176521 0.1174710291469606 0.045735246413021846 -0.12158731854648445 0.3351594522106164 0.28228436529562484 0.038193888226448855 -0.12771745372618654 -0.16150402515810672 -0.4501825347933957 -0.20748595837636663 -0.41688738337577 -0.15821167285139814 -0.19803396460763847 0.12169548940461328 -0.10876660937364287 0.13207343288806736 0.2940295075100835 0.14468707376784792 -0.39923123605539057 -0.4966274278036546 -0.03317012506804172 0.13994629991785418 0.05189692134779281
-0.0794859168243842 -0.20785792850398477 -0.2013139633079604 -0.10771456687699568 0.17678252815513587 -0.264525162161262 -0.1425420138423223 -0.08143486911622289 -0.10493781153994294 0.07930963486831379 0.05967439262449909 -0.003932510303420121 -0.133871384313918 -0.14112311075256426 -0.3034005246835117 0.9312621608785786 -0.7151228148765113 0.2329666781359212 0.20767595058607483 -0.10727480849674956 0.36969525901353767 0.9524027783358425 0.3544174615233222 0.09510042479746388 0.13444349460014812 -0.11749374646143196 0.07458895826820364 -0.15012961248853576 -0.9475267142662369 -0.1887185114388573 -0.10901426534507842 -0.19532553414204804 0.12008473784951461 -0.14575638352343795 0.02145532198322455
-0.041817180617627334 -0.01831428674900333 -0.03288285733146994 0.2868856082473326 -0.4939766115968311 0.7422294532564018 0.34583591966540167 0.18058567145157398 0.2485918319208828 0.47258992370480074 0.23492437528726515 0.09773889193987403 0.30862279757643035 -0.20268705913253143 -0.34215986992704966 -0.6312098549315054 0.03212920521574615 -0.07503073939984437 0.15761778529817602 0.14528538328470259 0.5138529622744309 -0.05978750356404822 0.48941585873806054 0.07090343782178929 0.23844643803399432 0.2914876806807327 0.4498323263213457 0.34803195255271907 -0.3031368719286427 0.3138203810406952 0.24098031994539587 0.29537620127604525 0.28240828570936344 0.31784775427559675 -0.013854191828015998
-0.08119376559911581 -0.09290487691495168 -0.15148210692319508 -0.018154345272545447 0.09174163120171135 0.08927402716441518 0.0665836734422538 -0.5749907817441092 0.04262932064032372 -0.49503523387678405 -0.15311297299357565 -0.09370211914074192 0.06073263516844693 0.06309456674008282 0.15495772393872592 -0.029385894910259377 0.033854044990014806 -0.17525631315879706 -0.13145511223038106 -0.07881663165476281 -0.09039507017038464 -0.09782979044267061 -0.06300850254318002 0.003549590631832872 -0.03778193509270658 0.04506318667945523 0.004737845986558597 0.05105415838594142 0.0457270450486608 0.04961528697128202 -0.446623867815779 -0.5408755851484148 -0.14197596103817084 0.036759789815069076 0.16608353977408344
-0.07260966743353282 -0.12701265516532326 -0.17716407136021908 -0.03698097775961724 0.11815502391815771 0.07032056534037157 0.061306121830624796 -0.5444488643862566 0.039697751401522416 -0.47330274526699206 -0.14771833049165525 -0.08871625155629542 0.04399855095767968 0.0487645590617307 0.10440003160634448 0.07949729596683172 -0.023801004010772606 -0.13576820102440304 -0.10475370912295157 -0.08281354237990271 -0.07407362258310903 0.0010024631399377995 -0.05065171565219744 0.015339826668157136 -0.0302593949009974 0.04045821395786764 0.012094155915957954 0.05782719066998962 -0.016867336452932084 0.06303965225092083 -0.4312833182352895 -0.5218912088844087 -0.12596423249896635 0.03953445697790928 0.1754049413146419
-0.20134627435698513 -0.16807526885536384 -0.015793407087582662 0.10146157896694846 -0.2094394286743964 0.1329782386348205 -0.11502488708117606 -0.3107432759306106 -0.10307454740699427 0.18809346206409883 0.1944939759806618 0.04330054178566385 -0.11814984454731206 -0.05999991081475485 0.16786104749278477 -0.3802088437736681 -0.4388178700647314 -0.24795908854813206 0.026855697498746365 0.0492221425332018 0.6587770837974857 0.3624091321925891 0.6685475236404242 0.23145650496864423 0.3002207951679123 -0.11450844826309248 0.27415373531041876 -0.12320736559932524 -0.5612828028928921 -0.15543739636857257 -0.14660793342498996 -0.23066106905826325 -0.06213543945061663 -0.17997958056413185 0.0019351226389444924
-0.004629524551071966 -0.1193240864718071 -0.3123644280486157 0.15721366031361797 -0.8879805993068735 1.1608101599014777 0.310897789784261 -0.24557248641676424 0.2411324154822169 -0.13534489223558868 -0.08644179965542377 -0.05745704012290182 0.2910899896574053 -0.22598888028945113 -0.5490611355057288 -0.6959245936994936 0.39910759547061814 -0.38865164619976617 0.008399049971413018 -0.013544347571334433 -0.016013937635704703 -0.6183285805890171 -0.03733315534896115 -0.141973029819705 0.030206644452663606 0.27311750355372305 0.4584011611606553 0.32933998146306803 0.20937048480008932 0.3399485021903058 -0.11744520510742547 -0.12235283910060796 0.17266120544434344 0.2812374525809921 -0.0026215715833474915
-0.11681935695052845 -0.2065588240460176 -0.15283782463776133 0.008389237009751686 -0.06981853408146672 0.06866580102654331 -0.07358673825592865 -0.23575638749257138 -0.05492814935117229 0.07517121733975725 0.07674622450332307 0.0072537006046184925 -0.06765914775020224 -0.12208656906117384 -0.15316996465794847 0.2821284066963049 -0.4970040497972804 -0.001924005258994171 0.0824010293436617 -0.032751538102286974 0.44646866120992823 0.5787580358153156 0.426304407059094 0.11179961695721505 0.1906212928229853 -0.0643991344574619 0.19814913592358543 -0.06940096498738871 -0.6658262276569711 -0.10317629255231593 -0.156426290451786 -0.23696791461265504 0.05242149986871421 -0.12331240841568125 0.03601854999997286
-0.16120463759687606 -0.11414499907636094 0.0192837738922792 0.07636816404489494 -0.2248998551990397 0.13375899760542503 -0.16708236433831306 -0.2608767412729707 -0.1266328815334977 0.19999736177342609 0.20322534388129632 0.03204707726855458 -0.1580595556874734 -0.05717370453425287 0.1719469697287109 -0.38146433795539386 -0.3389432621682062 -0.21933587218617126 0.027655756562493684 0.04744267708445274 0.6049571406966503 0.2796267778673604 0.6119782634681856 0.20930508562152741 0.2795037975554895 -0.14404146457656777 0.2451065978322903 -0.1689356927000533 -0.4213819280582476 -0.19202791116604118 -0.09981125214703346 -0.15947299640462542 -0.05953056239885599 -0.22927585533213274 0.0029292162046914306
0.03799173399388577 -0.054745944193967215 -0.12331725883710949 -0.07810666354308039 0.443550511782895 -0.33799757457829316 0.2584511925865439 -0.03207660324243506 0.2059560171398673 -0.3199125296471818 -0.1945055406771273 -0.06149153195451762 0.24331234932386964 0.09424816556789807 -0.0719326101450744 0.5426305448779821 0.001968079159296902 0.1932770673541356 -0.08245087509853748 -0.1023803778525516 -0.4638307273187253 -0.019796679201457144 -0.4745780913813254 -0.14573456780222038 -0.22507475530330856 0.2107593108885508 -0.273221162617062 0.26439272753196463 0.020633326671232247 0.2620143578674622 -0.11649515619214859 -0.12718269516726596 -0.0943204498064226 0.32649367733050033 -0.007892408216115648
-0.09144219075458654 -0.19751711746428016 -0.2012565162562706 0.03854050913834476 0.17145128029948337 -0.02846032221080136 0.16945724273902282 -0.19556653097536292 0.12367595353816016 -0.04443401519849226 0.008532564651296119 -0.02598682030512898 0.15980653270491918 -0.08470920647894514 -0.24129846299318575 0.5404064026986855 -0.47809117956691854 0.14253766121690803 0.09384841677697257 -0.054513163776082355 0.2750042203482474 0.5990941496498297 0.2692108643658115 0.05752288362012206 0.10215596964388693 0.1525401275622013 0.09088011309583856 0.16816457403681015 -0.6942762059815856 0.13977867815348713 -0.16693728083391335 -0.24496401184383532 0.0915004419270625 0.17356923345743774 0.020212485672286784
0.0027466942449155957 -0.17938375908011478 -0.3416428934673339 -0.0776972081218714 0.20784574851709373 -0.06071645613193538 0.30001342468558834 -0.0509565456817568 0.2156995129346927 -0.31730493832518303 -0.22649101058522225 -0.08897450614042428 0.25457012380005933 -0.10701771260373553 -0.5506031992012516 0.9682046623362611 -0.2703438377046711 0.2560107165568292 0.10671000734307785 -0.13849928239210024 -0.287019922927809 0.3691713035970304 -0.2860198337513523 -0.1533795960287483 -0.15392939550219265 0.24866640589101421 -0.09072848455192742 0.2770547053351 -0.4598740973279239 0.27193894971788296 -0.12947873969131696 -0.18593478543213657 0.1262615660388669 0.33336793206670434 5.515019161988118E-4
6 21
0.2041248053027796 1.107353720168474 -0.5003760617802325 -0.7873437371339338 0.7062064533602088 -0.45814399009824763 -0.6757702962504378 0.7740737165778826 0.7178159926983158 0.5066792082914457 -0.8877170135728023 -1.2503702317264507 0.6895959130889165 0.5699596204147976 -0.4047087534033594 -0.6921426548554346 -0.5948956145169715 -0.27153838999054725 0.27079783042353706 -0.634719416882107 -0.6275145964470225
-1.0005487079926298 -0.6804794776306512 1.0674061227226952 0.10199031579403772 0.1914348619603103 1.4425918624356622 1.0720217177726785 -0.21553927042421664 -0.2564646710350616 -0.8495025320674772 0.8311076176876817 0.6098774295114892 -0.2890130142589482 -0.25790276487017894 1.4206922207752626 -0.45490629694617796 0.9531181398866426 1.2747827103530878 -1.337672099509324 0.5240360399220361 -0.7011903667103446
0.007785310065650723 -0.6639784745028147 -0.5477563035572113 1.1995308172498185 -1.3885341402950346 -0.6672292081948086 -0.6009492262883301 -1.5370064900811011 -1.361688745265082 0.598857312426364 -0.5550981637046801 1.0534140409249884 0.27676940580673987 0.2544620098851481 -0.4961174307665395 1.1986552496807434 -0.3075649627011224 -0.6961532277161752 1.113202871246124 0.28346605842019906 0.9236223670265854
-0.17203010926715925 -0.5275470919886316 -0.36719958540710856 -0.10994851226764625 -0.17596231550502392 -0.06750163295867247 1.031764122306174 -0.1348746946890236 -0.09103138263688546 0.43071916280859557 1.6045411060282406 -0.9702537729347122 -0.015927939678781033 0.12265598172213801 -0.24460583940857847 -1.232171053971524 0.501996009121197 -0.2720368350410446 0.42542063741697306 0.7989372466957092 1.315332430264298
0.24117896617625048 -0.7476481637299294 -0.2543154187133915 -0.08975191823719587 0.19560109359141742 -0.23997267363391753 -0.7700116275970021 0.5884236591112431 0.24623161190796758 0.6475522997841106 -0.8354867693399822 0.01312335136593589 0.6846169372428944 0.5976528398549817 -0.15702830156437095 1.3950361228009698 -0.26284852037070194 -0.06748998758760556 -0.23697532311460934 -0.5703761265813997 -0.4415846584279183
0.7194202276324476 1.5187255005159184 0.6263962039849931 -0.3089673899772009 0.4772506228856072 0.005723148219874549 -0.063745870760973 0.5195874714605608 0.7312288085233758 -1.3238082845672954 -0.16413955985539644 0.5595882999477423 -1.3349513148759218 -1.2790691514374737 -0.09719944093369716 -0.20429652729626305 -0.25723951598019407 0.031941791300106784 -0.2566615191670271 -0.42864327312733613 -0.4744399093717726
SIGMOID
