3 4
Iris-setosa
Iris-versicolor
Iris-virginica
3 5
0.3290330930808259 0.7440604825409697 1.0773367765128392 -1.6241800812795724 -1.040291315140305
0.370088553096996 0.8665722360503693 1.0738030521631785 -1.696206914445145 -1.193393286018853
0.23958831773284145 0.4601001246702932 1.024695751580117 -1.6688410169238266 -0.9212859740215222
3 4
-2.9256608306422276 2.1838901112563516 1.7728709112422008 2.5730062976340298
0.9231058409107333 0.06712279898478034 0.366949218178702 -0.5280242652965815
2.0012236641069205 -2.23903640675047 -2.1477401821157116 -2.0576829218796666
SIGMOID
